3.45416000e-03  
2.25192635e-02  
6.86158838e-02  
1.33190278e-01
  1.89711405e-01  
  2.14702302e-01  
  2.00669281e-01  
  1.55279035e-01
  9.45591523e-02  
  3.53862361e-02 
  -9.86633923e-03 
  -3.55971444e-02
 -4.25507616e-02 
 -3.57373186e-02 
 -2.18400007e-02 
 -6.99791511e-03
  4.55673604e-03  
  1.09237039e-02  
  1.22193161e-02  
  9.84924892e-03
  5.69664196e-03  
  1.46490933e-03 
  -1.70670179e-03 
  -3.34798571e-03
 -3.55151804e-03 
 -2.75543106e-03 
 -1.51011531e-03 
 -2.95448835e-04
  5.80881155e-04  
  1.00510231e-03  
  1.02081732e-03  
  7.63726037e-04
  3.94554770e-04  
  4.83822816e-05 
  -1.91971469e-04 
  -2.99756980e-04
 -2.92112041e-04 
 -2.10550252e-04 
 -1.01741463e-04 
 -3.51969530e-06
  6.20048154e-05  
  8.88564198e-05  
  8.32370559e-05  
  5.77331796e-05
  2.58328364e-05 
  -1.91677232e-06 
  -1.96660352e-05 
  -2.61876174e-05
 -2.36159017e-05 
 -1.57371331e-05 
 -6.43203101e-06  
 1.37328576e-06
  6.14719308e-06  
  7.67653391e-06  
  6.67117867e-06  
  4.26210624e-06
  1.56095305e-06 
  -6.24612156e-07 
  -1.89845305e-06 
  -2.23889262e-06
 -1.87622220e-06 
 -1.14612171e-06 
 -3.65639908e-07  
 2.43494454e-07
  5.80338758e-07  
  6.49840411e-07  
  5.25296487e-07  
  3.05755290e-07
  8.12518041e-08 
  -8.76961513e-08 
  -1.75840262e-07 
  -1.87744627e-07
 -1.46385755e-07 
 -8.08305588e-08 
 -1.65362704e-08  
 3.00837606e-08
  5.28647721e-08  
  5.39978437e-08  
  4.05957934e-08  
  2.11450199e-08
  2.81193804e-09 
  -9.98279760e-09 
  -1.57826709e-08 
  -1.54623392e-08
 -1.12005588e-08 
 -5.46298813e-09 
 -2.57990666e-10  
 3.23302765e-09
  4.68209180e-09  
  4.40847301e-09  
  3.07350042e-09  
  1.39021462e-09
 -8.11469097e-11 
 -1.02762899e-09 
 -1.38091209e-09 
 -1.25147775e-09
 -8.38462449e-10 
 -3.47139505e-10  
 6.69625405e-11  
 0.00000000e+00
